
    A R N D C Q E G H I L K M F P S T W Y V
A: 10 -15 -9 -8 -14 -10 -6 -6 -15 -11 -13 -15 -11 -15 -5 -3 -4 -28 -15 -6 
R: -15 14 -14 -24 -15 -5 -22 -22 -5 -11 -16 -3 -10 -15 -9 -8 -14 -6 -28 -15 
N: -9 -14 13 0 -24 -9 -7 -8 -2 -10 -14 -4 -21 -15 -12 -3 -6 -21 -10 -16 
D: -8 -24 0 13 -30 -8 0 -8 -9 -15 -27 -11 -26 -29 -15 -9 -11 -32 -25 -16 
C: -14 -15 -24 -30 15 -29 -30 -23 -14 -13 -31 -29 -29 -28 -15 -7 -15 -31 -9 -12 
Q: -10 -5 -9 -8 -29 14 -1 -14 -2 -15 -11 -7 -9 -27 -7 -12 -12 -28 -26 -14 
E: -6 -22 -7 0 -30 -1 12 -10 -13 -12 -17 -10 -19 -29 -11 -10 -13 -34 -15 -13 
G: -6 -22 -8 -8 -23 -14 -10 10 -21 -25 -18 -15 -22 -17 -13 -6 -13 -30 -29 -12 
H: -15 -5 -2 -9 -14 -2 -13 -21 14 -24 -13 -14 -24 -12 -9 -14 -15 -21 -8 -13 
I: -11 -11 -10 -15 -13 -15 -12 -25 -24 14 -5 -12 -4 -6 -20 -14 -7 -29 -14 0 
L: -13 -16 -14 -27 -31 -11 -17 -18 -13 -5 10 -16 -2 -7 -13 -17 -14 -22 -14 -7 
K: -15 -3 -4 -11 -29 -7 -10 -15 -14 -12 -16 11 -5 -29 -13 -9 -8 -26 -24 -17 
M: -11 -10 -21 -26 -29 -9 -19 -22 -24 -4 -2 -5 18 -10 -20 -11 -9 -29 -26 -5 
F: -15 -15 -15 -29 -28 -27 -29 -17 -12 -6 -7 -29 -10 14 -23 -13 -16 -10 -1 -19 
P: -5 -9 -12 -15 -15 -7 -11 -13 -9 -20 -13 -13 -20 -23 13 -6 -10 -29 -29 -13 
S: -3 -8 -3 -9 -7 -12 -10 -6 -14 -14 -17 -9 -11 -13 -6 11 -2 -10 -14 -14 
T: -4 -14 -6 -11 -15 -12 -13 -13 -15 -7 -14 -8 -9 -16 -10 -2 12 -27 -14 -7 
W: -28 -6 -21 -32 -31 -28 -34 -30 -21 -29 -22 -26 -29 -10 -29 -10 -27 20 -10 -33 
Y: -15 -28 -10 -25 -9 -26 -15 -29 -8 -14 -14 -24 -26 -1 -29 -14 -14 -10 15 -14 
V: -6 -15 -16 -16 -12 -14 -13 -12 -13 0 -7 -17 -5 -19 -13 -14 -7 -33 -14 12 
