
    A R N D C Q E G H I L K M F P S T W Y V
A: 2 -1 0 0 -1 0 0 1 0 0 -1 0 0 -2 1 1 1 -5 -2 0 
R: -1 6 0 0 -2 1 0 -2 2 -1 -2 3 0 -3 0 0 0 2 -4 -1 
N: 0 0 2 2 -3 1 1 0 2 -1 -2 1 -1 -2 0 1 0 -3 -1 -1 
D: 0 0 2 4 -4 2 3 1 1 -1 -3 0 -2 -4 0 0 0 -6 -3 -1 
C: -1 -2 -3 -4 12 -4 -4 -3 -2 -1 -5 -4 -4 -3 -1 0 -1 -6 0 -1 
Q: 0 1 1 2 -4 4 2 0 3 -1 -1 1 0 -3 0 0 0 -4 -3 -1 
E: 0 0 1 3 -4 2 4 0 1 -1 -2 0 -1 -4 0 0 0 -6 -3 -1 
G: 1 -2 0 1 -3 0 0 5 -1 -2 -3 -1 -2 -3 0 1 0 -6 -4 0 
H: 0 2 2 1 -2 3 1 -1 7 -2 -1 0 -1 -1 0 0 0 -2 0 -1 
I: 0 -1 -1 -1 -1 -1 -1 -2 -2 5 2 -1 2 1 -1 0 0 -5 0 4 
L: -1 -2 -2 -3 -5 -1 -2 -3 -1 2 6 -2 4 2 -1 -2 -1 -3 0 2 
K: 0 3 1 0 -4 1 0 -1 0 -1 -2 5 1 -4 0 0 0 -2 -4 -1 
M: 0 0 -1 -2 -4 0 -1 -2 -1 2 4 1 6 0 -1 -1 0 -4 -2 2 
F: -2 -3 -2 -4 -3 -3 -4 -3 -1 1 2 -4 0 9 -4 -2 -2 1 7 0 
P: 1 0 0 0 -1 0 0 0 0 -1 -1 0 -1 -4 6 1 0 -5 -4 0 
S: 1 0 1 0 0 0 0 1 0 0 -2 0 -1 -2 1 2 1 -1 -2 0 
T: 1 0 0 0 -1 0 0 0 0 0 -1 0 0 -2 0 1 2 -4 -2 0 
W: -5 2 -3 -6 -6 -4 -6 -6 -2 -5 -3 -2 -4 1 -5 -1 -4 18 1 -6 
Y: -2 -4 -1 -3 0 -3 -3 -4 0 0 0 -4 -2 7 -4 -2 -2 1 10 -2 
V: 0 -1 -1 -1 -1 -1 -1 0 -1 4 2 -1 2 0 0 0 0 -6 -2 4 
